test1
====MACH====FLTALT====
    1.60     54668.0
====MDOT====PSIDOT====GAMDOT====FPA====
    0       0         0         0
====LONGP====LATP====HEAD====
    119.88   27.60   0.
====POG====
   2116.2
====NTEMP====NWINDE====NWINDN====
      7       8          2
====ZT OF TEMPERATURE====
0.     36.2   65.8   105.5  155.5  172.0  202.0
====TEMPERATURE VIA ZT====
59.0   -69.7  -69.7  -48.1  27.5   27.5   -4.8
====ZWE OF EAST WIND====
0.     30.    40.    45     55.    65.    83.    110.
====EAST WIND====
5.     68.    84.    79.    36.    19.    16.    34.
====ZWN OF NORTH WIND====
0.     202.0
====NORTH WIND====
0.     0.
====NALT====
    1
    0.
====OCODE====
    1
====REFLECT====
    1.9
====ROVERL====PHI====
    1.4196    0.
====NX OF XI-DP====
    80
====XI====
3.04345727000000	3.08773827600000	3.13154673600000	3.17490172400000	3.21782231300000	3.26032638500000	3.30243086800000	3.34415221200000	3.38550591500000	3.42650771100000	3.46717190700000	3.50751328500000	3.54754471800000	3.58728027300000	3.62673187300000	3.66591191300000	3.70483326900000	3.74350643200000	3.78194308300000	3.82015395200000	3.85814952900000	3.89594054200000	3.93353676800000	3.97094750400000	4.00818300200000	4.04525232300000	4.08216428800000	4.11892747900000	4.15555143400000	4.19204378100000	4.22841358200000	4.26466846500000	4.30081701300000	4.33686637900000	4.37282466900000	4.40869951200000	4.44449901600000	4.48023033100000	4.51590013500000	4.55151701000000	4.58708715400000	4.62261867500000	4.65811777100000	4.69359254800000	4.72904968300000	4.76449632600000	4.79993867900000	4.83538532300000	4.87084245700000	4.90631723400000	4.94181633000000	4.97734785100000	5.01291799500000	5.04853487000000	5.08420467400000	5.11993598900000	5.15573549300000	5.19161033600000	5.22756862600000	5.26361799200000	5.29976654100000	5.33602142300000	5.37239122400000	5.40888404800000	5.44550752600000	5.48227071800000	6.01688957200000	6.05692148200000	6.09726333600000	6.13792753200000	6.17892885200000	6.22028303100000	6.26200437500000	6.30410814300000	6.34661245300000	6.38953352000000	6.43288850800000	6.47669649100000	6.52097749700000	6.56575155300000
====DPP====
4.82546092800000e-05	6.73638787700000e-05	5.31779587600000e-05	-0.000147844868500000	-2.48091373600000e-06	0.00145967013700000	0.00311141181700000	0.00323708239000000	0.00278905779100000	0.00294785667200000	0.00337885809100000	0.00370304822000000	0.00411352189300000	0.00464090425500000	0.00501007214200000	0.00519231939700000	0.00543448142700000	0.00582951773000000	0.00625668047000000	0.00647380854900000	0.00662459665900000	0.00749511132000000	0.00879487581600000	0.00892897415900000	0.00808991864300000	0.00823027547400000	0.00977186765500000	0.0107674691800000	0.0101074902300000	0.00860545132300000	0.00801907293500000	0.00974808540200000	0.0117048248600000	0.0112449508200000	0.0100321378600000	0.0102989170700000	0.0108545878900000	0.00962833967100000	0.00640029227400000	0.00165668758600000	0.00251393439200000	0.0126785626600000	0.0142093068000000	0.00849622022400000	0.00286440993700000	-0.00141297851200000	-0.00431316485600000	-0.00591258518400000	-0.00746819656300000	-0.00977833196500000	-0.00943027623000000	-0.00409561954400000	-0.00135706935500000	-0.00400883518200000	-0.00821813102800000	-0.0119944233400000	-0.0111810686100000	-0.00526136811800000	-0.00291351508300000	-0.00451268535100000	-0.00525903189600000	-0.00455749640200000	-0.00378035823800000	-0.00349730742200000	-0.00341294286800000	-0.00299971550700000	0	0	0	0	0	0	0	0	0	0	0	0	0	0	
====AL====ML====
 234.46	1.875
